# Vehículos
V   50 372  -100 1
V  200 372  -100 1
V  350 372  -100 1
V   25 342   100 2
V  175 342   100 2
V  325 342   100 2
V  175 312  -150 3
V  325 312  -150 3
V  475 312  -150 3
V  150 280   100 4
V    0 280   100 4
V -150 280   100 4
V  165 252  -150 5
V  365 252  -150 5
# Troncos
L -100  60  120 1
L   75  60  120 1
L  250  60  120 1
L  425  60  120 1
L  370 121  150 1
L  460 121  150 0
L  120 121  150 1
L  210 121  150 0
L -130 121  150 1
L  -40 121  150 0
L   30 153   90 0
L  180 153   90 0
L  330 153   90 0
# Tortugas
T    0 185  -60 3 0
T  150 185  -60 3 0
T  300 185  -60 3 0
T  450 185  -60 3 1
T  100 90   -60 2 1
T  220 90   -60 2 0
T  340 90   -60 2 0
T  460 90   -60 2 0
# Rana
F  205 402 4
